start=17.900000
volume=72.000099
video-zoom=-0.210000
video-align-x=0.709281
video-align-y=-0.279669
