start=22.966667
speed=1.771561
volume=119.000000
