start=103.838333
speed=1.210000
