start=240.338333
speed=1.210000
