start=0.838333
gamma=7.000000
brightness=4.000000
