start=265.371667
speed=1.157025
