start=97.338333
sid=1
sub-delay=-4.290652
sub-ass-override=force
