start=0.633333
volume=104.000000
deinterlace=auto
video-zoom=-0.070000
video-align-x=0.145667
video-align-y=0.016903
