start=1008.600000
speed=1.331000
