start=867.505000
speed=1.771561
volume=100.199997
sub-pos=101.000000
sub-ass-override=force
video-align-x=-1.000000
video-align-y=-1.000000
