start=28.333333
volume=90.000000
