start=169.938333
speed=1.210000
brightness=-1.000000
saturation=-1.000000
