start=265.265000
speed=1.464100
deinterlace=yes
ab-loop-a=246.379467
