start=65.405000
speed=1.000000
volume=100.199997
sid=2
sub-pos=101.000000
sub-ass-override=force
video-align-x=-1.000000
video-align-y=-1.000000
