start=391.824767
speed=1.464100
