start=16.171667
gamma=7.000000
brightness=4.000000
sub-pos=105.000000
