start=16.291667
volume=98.199974
