start=188.371667
speed=1.210000
sid=2
