start=76.505000
speed=1.100000
sid=1
