start=84.074436
speed=1.464100
volume=124.000000
ab-loop-a=57.333333
